name: meadowrun-test
channels:
  - hrichardlee
  - conda-forge
  - defaults
dependencies:
  - aiobotocore=2.2.0=pyhd8ed1ab_0
  - aiohttp=3.8.1=py39hb82d6ee_0
  - aioitertools=0.10.0=pyhd8ed1ab_0
  - aiosignal=1.2.0=pyhd8ed1ab_0
  - async-timeout=4.0.2=pyhd8ed1ab_0
  - attrs=21.4.0=pyhd8ed1ab_0
  - bcrypt=3.2.0=py39hb82d6ee_2
  - boto3=1.21.21=pyhd8ed1ab_0
  - botocore=1.24.21=pyhd8ed1ab_1
  - brotlipy=0.7.0=py39hb82d6ee_1003
  - bzip2=1.0.8=h8ffe710_4
  - ca-certificates=2021.10.8=h5b45459_0
  - certifi=2021.10.8=py39hcbf5309_2
  - cffi=1.15.0=py39h0878f49_0
  - charset-normalizer=2.0.12=pyhd8ed1ab_0
  - cloudpickle=2.0.0=pyhd8ed1ab_0
  - cryptography=36.0.2=py39h7bc7c5c_0
  - fabric=2.7.0=pyhd8ed1ab_0
  - filelock=3.6.0=pyhd8ed1ab_0
  - frozenlist=1.3.0=py39hb82d6ee_0
  - idna=3.3=pyhd8ed1ab_0
  - intel-openmp=2022.0.0=h57928b3_3663
  - invoke=1.7.0=pyhd8ed1ab_0
  - jmespath=1.0.0=pyhd8ed1ab_0
  - libblas=3.9.0=13_win64_mkl
  - libcblas=3.9.0=13_win64_mkl
  - libffi=3.4.2=h8ffe710_5
  - liblapack=3.9.0=13_win64_mkl
  - libprotobuf=3.20.0=h7755175_0
  - libzlib=1.2.11=h8ffe710_1014
  - meadowrun=0.1.2=py39_0
  - mkl=2022.0.0=h0e2418a_796
  - multidict=6.0.2=py39hb82d6ee_0
  - numpy=1.22.3=py39h6331f09_0
  - openssl=1.1.1n=h8ffe710_0
  - pandas=1.4.1=py39h2e25243_0
  - paramiko=2.10.3=pyhd8ed1ab_0
  - pathlib2=2.3.7.post1=py39hcbf5309_0
  - pip=22.0.4=pyhd8ed1ab_0
  - protobuf=3.20.0=py39h415ef7b_0
  - psutil=5.9.0=py39hb82d6ee_0
  - pycparser=2.21=pyhd8ed1ab_0
  - pynacl=1.5.0=py39hb3671d1_0
  - pyopenssl=22.0.0=pyhd8ed1ab_0
  - pysocks=1.7.1=py39hcbf5309_4
  - python=3.9.12=h9a09f29_1_cpython
  - python-dateutil=2.8.2=pyhd8ed1ab_0
  - python_abi=3.9=2_cp39
  - pytz=2022.1=pyhd8ed1ab_0
  - s3transfer=0.5.2=pyhd8ed1ab_0
  - setuptools=61.2.0=py39hcbf5309_3
  - six=1.16.0=pyh6c4a22f_0
  - sqlite=3.37.1=h8ffe710_0
  - tbb=2021.5.0=h2d74725_0
  - tk=8.6.12=h8ffe710_0
  - typing-extensions=4.1.1=hd8ed1ab_0
  - typing_extensions=4.1.1=pyha770c72_0
  - tzdata=2022a=h191b570_0
  - ucrt=10.0.20348.0=h57928b3_0
  - urllib3=1.26.9=pyhd8ed1ab_0
  - vc=14.2=hb210afc_6
  - vs2015_runtime=14.29.30037=h902a5da_6
  - wheel=0.37.1=pyhd8ed1ab_0
  - win_inet_pton=1.1.0=py39hcbf5309_3
  - wrapt=1.14.0=py39hb82d6ee_0
  - xz=5.2.5=h62dcd97_1
  - yarl=1.7.2=py39hb82d6ee_1
  - zlib=1.2.11=h8ffe710_1014
prefix: C:\Users\kurts\.conda\envs\meadowrun-test
